1	1	241	
1	4	255	
1	8	159	
1	14	114	
1	16	181	
1	17	26	62	73	89	143	155	
1	21	217	
1	22	187	
1	25	111	
1	27	7	8	88	
1	28	40	42	67	69	
1	30	4	238	
1	31	80	96	174	177	204	
1	32	35	
1	34	85	101	230	
1	36	106	
1	39	231	
1	40	39	44	66	71	113	
1	43	160	
1	44	240	
1	46	22	156	
1	47	32	
1	51	142	
1	55	209	
1	56	2	5	11	16	19	28	37	54	65	84	100	104	107	118	120	139	164	172	190	196	214	219	224	229	236	246	
1	58	169	
1	60	29	41	59	68	140	165	
1	62	243	
1	64	38	
1	67	145	
1	69	235	
1	71	129	
1	72	216	
1	73	20	
1	81	221	
1	84	1	18	27	53	64	138	163	171	195	
1	85	51	
1	89	192	
1	92	112	
1	94	228	
1	95	157	
1	100	15	
1	101	182	
1	109	254	260	
1	110	86	102	
1	114	256	
1	119	109	
1	122	210	
1	124	226	
1	125	251	
1	126	207	233	
1	130	61	
1	133	178	
1	135	213	
1	136	117	
1	137	186	
1	139	146	
1	142	135	
1	143	147	
1	144	46	
1	145	244	
1	146	247	
1	152	198	
1	154	12	166	227	
1	155	31	
1	156	149	
1	157	33	
1	158	43	70	
1	162	3	6	23	55	121	237	248	
1	164	76	92	167	191	
1	165	183	
1	168	57	
1	169	52	
1	174	21	176	242	
1	176	128	199	
1	177	124	
1	187	245	
1	188	123	
1	197	197	
1	201	225	
1	202	79	95	
1	204	75	91	
1	206	202	
1	207	115	
1	208	252	
1	210	180	
1	211	83	99	218	
1	217	108	
1	218	25	47	144	215	
1	221	78	94	
1	225	150	
1	226	49	222	
1	227	105	
1	228	201	
1	231	253	
1	233	24	
1	236	110	
1	240	58	
1	241	119	
1	245	48	
1	246	212	
1	247	185	
1	248	126	133	
1	250	232	
1	253	239	
1	254	74	90	
1	257	158	
1	259	175	
1	260	184	
1	261	17	63	
1	263	125	132	
1	272	151	188	
1	274	161	
1	275	173	
1	277	154	
1	282	194	
1	283	257	
1	284	250	
1	285	189	234	
1	288	122	
1	290	141	
1	294	87	103	
1	295	116	152	
1	299	134	203	258	
1	302	168	
1	303	14	179	
1	305	200	
1	308	30	
1	309	127	130	
1	314	60	
1	315	137	
1	316	206	
1	317	131	
1	318	220	
1	328	13	50	153	162	249	
1	330	81	97	205	
1	333	208	
1	334	77	93	193	
1	336	223	
1	337	34	
1	339	136	261	
1	340	36	
1	344	10	
1	351	211	
1	352	45	72	
1	353	170	
1	358	259	
1	361	56	
1	362	148	
1	365	82	98	
1	372	9	
2	1	318	
2	2	156	158	164	
2	3	210	
2	4	332	
2	5	209	
2	8	236	
2	11	154	
2	14	114	
2	16	258	
2	17	26	62	73	89	220	232	
2	18	138	141	143	155	193	212	
2	19	211	
2	20	184	
2	21	294	
2	22	264	
2	25	111	
2	27	7	8	88	
2	28	40	42	67	69	
2	30	4	315	
2	31	80	96	251	254	281	
2	32	35	
2	34	85	101	307	
2	36	106	
2	38	206	
2	39	308	
2	40	39	44	66	71	113	
2	43	237	
2	44	317	
2	46	22	233	
2	47	32	
2	51	219	
2	55	286	
2	56	2	5	11	16	19	28	37	54	65	84	100	104	107	118	120	216	241	249	267	273	291	296	301	306	313	323	
2	58	246	
2	60	29	41	59	68	217	242	
2	62	320	
2	64	38	
2	65	168	
2	67	222	
2	69	312	
2	70	161	
2	71	129	
2	72	293	
2	73	20	
2	81	298	
2	84	1	18	27	53	64	215	240	248	272	
2	85	51	181	
2	89	269	
2	92	112	
2	94	305	
2	95	234	
2	97	195	
2	100	15	
2	101	259	
2	109	207	331	337	
2	110	86	102	
2	114	333	
2	117	157	163	
2	119	109	
2	122	287	
2	123	198	
2	124	303	
2	125	328	
2	126	174	284	310	
2	130	61	
2	133	255	
2	135	290	
2	136	117	
2	137	263	
2	139	223	
2	142	135	
2	143	224	
2	144	46	
2	145	321	
2	146	324	
2	152	275	
2	154	12	243	304	
2	155	31	
2	156	226	
2	157	33	
2	158	43	70	
2	159	171	
2	162	3	6	23	55	121	314	325	
2	164	76	92	244	268	
2	165	260	
2	168	57	
2	169	52	
2	174	21	253	319	
2	176	128	276	
2	177	124	
2	179	148	
2	187	189	322	
2	188	123	
2	190	139	142	144	194	
2	194	140	
2	197	274	
2	201	302	
2	202	79	95	
2	204	75	91	
2	206	279	
2	207	115	
2	208	329	
2	210	257	
2	211	83	99	295	
2	212	187	
2	217	108	
2	218	25	47	221	292	
2	219	162	166	170	176	178	
2	221	78	94	
2	223	175	
2	225	227	
2	226	49	299	
2	227	105	
2	228	278	
2	231	330	
2	233	24	
2	236	110	
2	239	145	151	
2	240	58	
2	241	119	
2	243	146	152	172	179	
2	245	48	
2	246	289	
2	247	262	
2	248	126	133	204	208	
2	250	309	
2	251	169	
2	253	316	
2	254	74	90	
2	257	235	
2	259	252	
2	260	261	
2	261	17	63	
2	263	125	132	203	
2	272	167	228	265	
2	274	238	
2	275	250	
2	277	231	
2	282	271	
2	283	334	
2	284	327	
2	285	266	311	
2	286	214	
2	288	122	
2	290	218	
2	291	213	
2	294	87	103	
2	295	116	229	
2	296	177	
2	299	134	280	335	
2	300	201	
2	302	245	
2	303	14	256	
2	304	147	149	150	153	159	173	192	196	197	
2	305	277	
2	307	190	
2	308	30	
2	309	127	130	
2	312	185	
2	313	191	
2	314	60	
2	315	137	
2	316	283	
2	317	131	
2	318	297	
2	319	160	
2	322	180	
2	325	165	
2	328	13	50	230	239	326	
2	330	81	97	282	
2	333	285	
2	334	77	93	270	
2	336	300	
2	337	34	
2	338	200	
2	339	136	338	
2	340	36	
2	342	183	
2	343	188	
2	344	10	
2	350	205	
2	351	288	
2	352	45	72	
2	353	247	
2	358	336	
2	359	199	202	
2	361	56	
2	362	225	
2	365	82	98	
2	372	9	
2	373	186	
2	375	182	
3	1	395	
3	2	156	158	164	233	235	241	
3	3	210	287	
3	4	409	
3	5	209	286	
3	8	313	
3	11	154	231	
3	14	114	
3	16	335	
3	17	26	62	73	89	297	309	
3	18	138	141	143	155	193	212	215	218	220	232	270	289	
3	19	211	288	
3	20	184	261	
3	21	371	
3	22	341	
3	25	111	
3	27	7	8	88	
3	28	40	42	67	69	
3	30	4	392	
3	31	80	96	328	331	358	
3	32	35	
3	34	85	101	384	
3	36	106	
3	38	206	283	
3	39	385	
3	40	39	44	66	71	113	
3	43	314	
3	44	394	
3	46	22	310	
3	47	32	
3	51	296	
3	55	363	
3	56	2	5	11	16	19	28	37	54	65	84	100	104	107	118	120	293	318	326	344	350	368	373	378	383	390	400	
3	58	323	
3	60	29	41	59	68	294	319	
3	62	397	
3	64	38	
3	65	168	245	
3	67	299	
3	69	389	
3	70	161	238	
3	71	129	
3	72	370	
3	73	20	
3	81	375	
3	84	1	18	27	53	64	292	317	325	349	
3	85	51	181	258	
3	89	346	
3	92	112	
3	94	382	
3	95	311	
3	97	195	272	
3	100	15	
3	101	336	
3	109	207	284	408	414	
3	110	86	102	
3	114	410	
3	117	157	163	234	240	
3	119	109	
3	122	364	
3	123	198	275	
3	124	380	
3	125	405	
3	126	174	251	361	387	
3	130	61	
3	133	332	
3	135	367	
3	136	117	
3	137	340	
3	139	300	
3	142	135	
3	143	301	
3	144	46	
3	145	398	
3	146	401	
3	152	352	
3	154	12	320	381	
3	155	31	
3	156	303	
3	157	33	
3	158	43	70	
3	159	171	248	
3	162	3	6	23	55	121	391	402	
3	164	76	92	321	345	
3	165	337	
3	168	57	
3	169	52	
3	174	21	330	396	
3	176	128	353	
3	177	124	
3	179	148	225	
3	187	189	266	399	
3	188	123	
3	190	139	142	144	194	216	219	221	271	
3	194	140	217	
3	197	351	
3	201	379	
3	202	79	95	
3	204	75	91	
3	206	356	
3	207	115	
3	208	406	
3	210	334	
3	211	83	99	372	
3	212	187	264	
3	217	108	
3	218	25	47	298	369	
3	219	162	166	170	176	178	239	243	247	253	255	
3	221	78	94	
3	223	175	252	
3	225	304	
3	226	49	376	
3	227	105	
3	228	355	
3	231	407	
3	233	24	
3	236	110	
3	239	145	151	222	228	
3	240	58	
3	241	119	
3	243	146	152	172	179	223	229	249	256	
3	245	48	
3	246	366	
3	247	339	
3	248	126	133	204	208	281	285	
3	250	386	
3	251	169	246	
3	253	393	
3	254	74	90	
3	257	312	
3	259	329	
3	260	338	
3	261	17	63	
3	263	125	132	203	280	
3	272	167	244	305	342	
3	274	315	
3	275	327	
3	277	308	
3	282	348	
3	283	411	
3	284	404	
3	285	343	388	
3	286	214	291	
3	288	122	
3	290	295	
3	291	213	290	
3	294	87	103	
3	295	116	306	
3	296	177	254	
3	299	134	357	412	
3	300	201	278	
3	302	322	
3	303	14	333	
3	304	147	149	150	153	159	173	192	196	197	224	226	227	230	236	250	269	273	274	
3	305	354	
3	307	190	267	
3	308	30	
3	309	127	130	
3	312	185	262	
3	313	191	268	
3	314	60	
3	315	137	
3	316	360	
3	317	131	
3	318	374	
3	319	160	237	
3	322	180	257	
3	325	165	242	
3	328	13	50	307	316	403	
3	330	81	97	359	
3	333	362	
3	334	77	93	347	
3	336	377	
3	337	34	
3	338	200	277	
3	339	136	415	
3	340	36	
3	342	183	260	
3	343	188	265	
3	344	10	
3	350	205	282	
3	351	365	
3	352	45	72	
3	353	324	
3	358	413	
3	359	199	202	276	279	
3	361	56	
3	362	302	
3	365	82	98	
3	372	9	
3	373	186	263	
3	375	182	259	
4	1	501	785	
4	2	156	158	164	233	235	241	301	316	
4	3	210	287	
4	4	799	
4	5	209	286	660	
4	7	669	
4	8	539	554	703	
4	9	639	645	
4	10	615	
4	11	154	231	
4	12	366	
4	14	114	
4	15	621	
4	16	725	
4	17	26	62	73	89	521	525	526	544	687	699	
4	18	138	141	143	155	193	212	215	218	220	232	270	289	
4	19	211	288	
4	20	184	261	
4	21	761	
4	22	392	731	
4	23	390	
4	24	304	634	
4	25	111	
4	26	458	
4	27	7	8	88	
4	28	40	42	67	69	
4	30	4	293	328	337	343	782	
4	31	80	96	374	379	384	400	475	481	515	629	718	721	748	
4	32	35	
4	33	502	529	
4	34	85	101	396	402	429	437	774	
4	35	673	681	
4	36	106	
4	38	206	283	
4	39	775	
4	40	39	44	66	71	113	
4	41	449	455	463	582	
4	42	352	
4	43	542	551	704	
4	44	784	
4	46	22	614	700	
4	47	32	
4	48	512	532	541	
4	49	573	
4	50	497	535	
4	51	686	
4	54	417	428	
4	55	753	
4	56	2	5	11	16	19	28	37	54	65	84	100	104	107	118	120	295	330	332	340	346	359	368	377	388	394	398	409	415	424	442	447	453	460	472	478	491	506	519	523	548	556	560	568	587	592	600	610	617	623	683	708	716	734	740	758	763	768	773	780	790	
4	57	484	
4	58	713	
4	59	385	
4	60	29	41	59	68	684	709	
4	61	456	470	
4	62	406	422	787	
4	64	38	
4	65	168	245	
4	66	464	
4	67	418	689	
4	68	606	
4	69	779	
4	70	161	238	
4	71	129	666	
4	72	416	425	448	454	461	557	561	593	601	760	
4	73	20	
4	74	474	
4	75	607	
4	76	671	
4	77	585	
4	79	299	430	
4	80	668	
4	81	765	
4	82	469	
4	83	534	
4	84	1	18	27	53	64	294	329	331	339	358	367	376	387	393	397	408	414	441	446	452	459	471	477	490	505	518	522	547	555	559	567	586	591	599	609	682	707	715	739	
4	85	51	181	258	
4	86	620	
4	87	576	
4	88	344	
4	89	736	
4	91	488	627	
4	92	112	
4	94	334	772	
4	95	632	701	
4	97	195	272	
4	99	653	
4	100	15	298	326	338	364	386	440	543	
4	101	420	726	
4	102	504	
4	103	467	
4	109	207	284	798	804	
4	110	86	102	
4	111	565	
4	112	436	
4	113	439	
4	114	800	
4	117	157	163	234	240	
4	118	321	
4	119	109	
4	120	433	
4	121	348	
4	122	754	
4	123	198	275	
4	124	431	444	770	
4	125	795	
4	126	174	251	751	777	
4	127	317	
4	128	306	312	349	636	642	667	676	
4	129	661	
4	130	61	
4	131	489	
4	133	380	401	722	
4	134	602	
4	135	546	757	
4	136	117	
4	137	383	730	
4	138	305	
4	139	466	690	
4	141	300	315	528	530	536	
4	142	135	
4	143	691	
4	144	46	520	
4	145	407	498	788	
4	146	791	
4	151	572	
4	152	508	742	
4	153	357	
4	154	12	360	395	710	771	
4	155	31	
4	156	693	
4	157	33	
4	158	43	70	
4	159	171	248	
4	160	445	
4	161	391	563	
4	162	3	6	23	55	121	292	327	342	423	598	781	792	
4	163	297	325	336	483	
4	164	76	92	361	403	631	711	735	
4	165	372	381	404	410	473	479	492	496	527	583	611	624	657	727	
4	167	347	588	605	628	
4	168	57	
4	169	52	
4	170	319	323	
4	171	513	
4	172	577	
4	173	538	
4	174	21	378	405	720	786	
4	175	399	
4	176	128	509	743	
4	177	124	
4	179	148	225	
4	180	494	503	
4	181	672	680	
4	182	616	619	
4	183	350	480	658	
4	186	341	
4	187	189	266	789	
4	188	123	
4	189	517	
4	190	139	142	144	194	216	219	221	271	
4	192	524	
4	193	302	308	
4	194	140	217	
4	195	356	
4	196	434	
4	197	507	741	
4	198	373	570	
4	199	649	
4	200	622	
4	201	443	769	
4	202	79	95	
4	203	679	
4	204	75	91	
4	205	647	
4	206	510	566	746	
4	207	115	
4	208	796	
4	209	462	465	
4	210	450	579	724	
4	211	83	99	590	596	604	762	
4	212	187	264	
4	213	640	646	
4	214	421	
4	215	655	
4	217	108	
4	218	25	47	688	759	
4	219	162	166	170	176	178	239	243	247	253	255	
4	220	651	652	
4	221	78	94	
4	222	499	
4	223	175	252	
4	224	335	594	
4	225	694	
4	226	49	766	
4	227	105	296	318	324	353	
4	228	745	
4	229	457	468	
4	230	311	
4	231	797	
4	232	533	
4	233	24	
4	236	110	
4	237	313	
4	238	427	435	
4	239	145	151	222	228	
4	240	58	
4	241	119	
4	242	426	
4	243	146	152	172	179	223	229	249	256	
4	244	648	
4	245	48	
4	246	756	
4	247	729	
4	248	126	133	204	208	281	285	665	
4	250	419	776	
4	251	169	246	
4	252	608	
4	253	783	
4	254	74	90	
4	255	574	
4	257	702	
4	258	314	
4	259	375	630	719	
4	260	382	389	612	625	728	
4	261	17	63	
4	263	125	132	203	280	664	
4	264	540	
4	265	303	
4	266	670	
4	267	575	
4	268	486	549	618	
4	270	531	537	
4	272	167	244	695	732	
4	273	635	641	
4	274	333	705	
4	275	411	493	717	
4	276	500	
4	277	698	
4	278	677	
4	279	633	
4	280	438	
4	281	345	
4	282	738	
4	283	801	
4	284	794	
4	285	733	778	
4	286	214	291	675	
4	287	495	
4	288	122	
4	290	545	685	
4	291	213	290	674	
4	292	412	571	
4	293	320	
4	294	87	103	
4	295	116	696	
4	296	177	254	
4	299	134	747	802	
4	300	201	278	663	678	
4	301	638	644	
4	302	712	
4	303	14	363	723	
4	304	147	149	150	153	159	173	192	196	197	224	226	227	230	236	250	269	273	274	553	
4	305	744	
4	306	650	
4	307	190	267	
4	308	30	
4	309	127	130	
4	310	552	
4	311	365	
4	312	185	262	
4	313	191	268	
4	314	60	
4	315	137	
4	316	514	750	
4	317	131	
4	318	764	
4	319	160	237	307	
4	322	180	257	
4	323	451	580	
4	324	310	
4	325	165	242	
4	326	413	613	
4	327	581	
4	328	13	50	362	697	706	793	
4	329	309	
4	330	81	97	476	516	749	
4	331	597	
4	332	584	
4	333	752	
4	334	77	93	569	737	
4	336	767	
4	337	34	
4	338	200	277	662	
4	339	136	805	
4	340	36	
4	341	558	562	578	
4	342	183	260	
4	343	188	265	
4	344	10	
4	345	370	
4	346	371	
4	347	656	
4	348	564	
4	349	351	659	
4	350	205	282	
4	351	755	
4	352	45	72	
4	353	714	
4	354	322	
4	355	369	
4	356	487	550	626	
4	357	485	
4	358	803	
4	359	199	202	276	279	
4	360	637	643	
4	361	56	
4	362	692	
4	364	482	
4	365	82	98	
4	366	589	595	603	
4	369	654	
4	371	355	
4	372	9	
4	373	186	263	511	
4	374	354	
4	375	182	259	432	
5	1	501	891	1175	
5	2	156	158	164	233	235	241	301	316	691	706	
5	3	210	287	
5	4	1189	
5	5	209	286	660	1050	
5	7	669	1059	
5	8	539	554	929	944	1093	
5	9	639	645	1029	1035	
5	10	615	1005	
5	11	154	231	
5	12	366	756	
5	14	114	
5	15	621	1011	
5	16	1115	
5	17	26	62	73	89	521	525	526	544	911	915	916	934	1077	1089	
5	18	138	141	143	155	193	212	215	218	220	232	270	289	
5	19	211	288	
5	20	184	261	
5	21	1151	
5	22	392	782	1121	
5	23	390	780	
5	24	304	634	694	1024	
5	25	111	
5	26	458	848	
5	27	7	8	88	
5	28	40	42	67	69	
5	30	4	293	328	337	343	683	718	727	733	1172	
5	31	80	96	374	379	384	400	475	481	515	629	764	769	774	790	865	871	905	1019	1108	1111	1138	
5	32	35	
5	33	502	529	892	919	
5	34	85	101	396	402	429	437	786	792	819	827	1164	
5	35	673	681	1063	1071	
5	36	106	
5	38	206	283	
5	39	1165	
5	40	39	44	66	71	113	
5	41	449	455	463	582	839	845	853	972	
5	42	352	742	
5	43	542	551	932	941	1094	
5	44	1174	
5	46	22	614	1004	1090	
5	47	32	
5	48	512	532	541	902	922	931	
5	49	573	963	
5	50	497	535	887	925	
5	51	1076	
5	54	417	428	807	818	
5	55	1143	
5	56	2	5	11	16	19	28	37	54	65	84	100	104	107	118	120	295	330	332	340	346	359	368	377	388	394	398	409	415	424	442	447	453	460	472	478	491	506	519	523	548	556	560	568	587	592	600	610	617	623	685	720	722	730	736	749	758	767	778	784	788	799	805	814	832	837	843	850	862	868	881	896	909	913	938	946	950	958	977	982	990	1000	1007	1013	1073	1098	1106	1124	1130	1148	1153	1158	1163	1170	1180	
5	57	484	874	
5	58	1103	
5	59	385	775	
5	60	29	41	59	68	1074	1099	
5	61	456	470	846	860	
5	62	406	422	796	812	1177	
5	64	38	
5	65	168	245	
5	66	464	854	
5	67	418	808	1079	
5	68	606	996	
5	69	1169	
5	70	161	238	
5	71	129	666	1056	
5	72	416	425	448	454	461	557	561	593	601	806	815	838	844	851	947	951	983	991	1150	
5	73	20	
5	74	474	864	
5	75	607	997	
5	76	671	1061	
5	77	585	975	
5	79	299	430	689	820	
5	80	668	1058	
5	81	1155	
5	82	469	859	
5	83	534	924	
5	84	1	18	27	53	64	294	329	331	339	358	367	376	387	393	397	408	414	441	446	452	459	471	477	490	505	518	522	547	555	559	567	586	591	599	609	684	719	721	729	748	757	766	777	783	787	798	804	831	836	842	849	861	867	880	895	908	912	937	945	949	957	976	981	989	999	1072	1097	1105	1129	
5	85	51	181	258	
5	86	620	1010	
5	87	576	966	
5	88	344	734	
5	89	1126	
5	91	488	627	878	1017	
5	92	112	
5	94	334	724	1162	
5	95	632	1022	1091	
5	97	195	272	
5	99	653	1043	
5	100	15	298	326	338	364	386	440	543	688	716	728	754	776	830	933	
5	101	420	810	1116	
5	102	504	894	
5	103	467	857	
5	109	207	284	1188	1194	
5	110	86	102	
5	111	565	955	
5	112	436	826	
5	113	439	829	
5	114	1190	
5	117	157	163	234	240	
5	118	321	711	
5	119	109	
5	120	433	823	
5	121	348	738	
5	122	1144	
5	123	198	275	
5	124	431	444	821	834	1160	
5	125	1185	
5	126	174	251	1141	1167	
5	127	317	707	
5	128	306	312	349	636	642	667	676	696	702	739	1026	1032	1057	1066	
5	129	661	1051	
5	130	61	
5	131	489	879	
5	133	380	401	770	791	1112	
5	134	602	992	
5	135	546	936	1147	
5	136	117	
5	137	383	773	1120	
5	138	305	695	
5	139	466	856	1080	
5	141	300	315	528	530	536	690	705	918	920	926	
5	142	135	
5	143	1081	
5	144	46	520	910	
5	145	407	498	797	888	1178	
5	146	1181	
5	151	572	962	
5	152	508	898	1132	
5	153	357	747	
5	154	12	360	395	750	785	1100	1161	
5	155	31	
5	156	1083	
5	157	33	
5	158	43	70	
5	159	171	248	
5	160	445	835	
5	161	391	563	781	953	
5	162	3	6	23	55	121	292	327	342	423	598	682	717	732	813	988	1171	1182	
5	163	297	325	336	483	687	715	726	873	
5	164	76	92	361	403	631	751	793	1021	1101	1125	
5	165	372	381	404	410	473	479	492	496	527	583	611	624	657	762	771	794	800	863	869	882	886	917	973	1001	1014	1047	1117	
5	167	347	588	605	628	737	978	995	1018	
5	168	57	
5	169	52	
5	170	319	323	709	713	
5	171	513	903	
5	172	577	967	
5	173	538	928	
5	174	21	378	405	768	795	1110	1176	
5	175	399	789	
5	176	128	509	899	1133	
5	177	124	
5	179	148	225	
5	180	494	503	884	893	
5	181	672	680	1062	1070	
5	182	616	619	1006	1009	
5	183	350	480	658	740	870	1048	
5	186	341	731	
5	187	189	266	1179	
5	188	123	
5	189	517	907	
5	190	139	142	144	194	216	219	221	271	
5	192	524	914	
5	193	302	308	692	698	
5	194	140	217	
5	195	356	746	
5	196	434	824	
5	197	507	897	1131	
5	198	373	570	763	960	
5	199	649	1039	
5	200	622	1012	
5	201	443	833	1159	
5	202	79	95	
5	203	679	1069	
5	204	75	91	
5	205	647	1037	
5	206	510	566	900	956	1136	
5	207	115	
5	208	1186	
5	209	462	465	852	855	
5	210	450	579	840	969	1114	
5	211	83	99	590	596	604	980	986	994	1152	
5	212	187	264	
5	213	640	646	1030	1036	
5	214	421	811	
5	215	655	1045	
5	217	108	
5	218	25	47	1078	1149	
5	219	162	166	170	176	178	239	243	247	253	255	
5	220	651	652	1041	1042	
5	221	78	94	
5	222	499	889	
5	223	175	252	
5	224	335	594	725	984	
5	225	1084	
5	226	49	1156	
5	227	105	296	318	324	353	686	708	714	743	
5	228	1135	
5	229	457	468	847	858	
5	230	311	701	
5	231	1187	
5	232	533	923	
5	233	24	
5	236	110	
5	237	313	703	
5	238	427	435	817	825	
5	239	145	151	222	228	
5	240	58	
5	241	119	
5	242	426	816	
5	243	146	152	172	179	223	229	249	256	
5	244	648	1038	
5	245	48	
5	246	1146	
5	247	1119	
5	248	126	133	204	208	281	285	665	1055	
5	250	419	809	1166	
5	251	169	246	
5	252	608	998	
5	253	1173	
5	254	74	90	
5	255	574	964	
5	257	1092	
5	258	314	704	
5	259	375	630	765	1020	1109	
5	260	382	389	612	625	772	779	1002	1015	1118	
5	261	17	63	
5	263	125	132	203	280	664	1054	
5	264	540	930	
5	265	303	693	
5	266	670	1060	
5	267	575	965	
5	268	486	549	618	876	939	1008	
5	270	531	537	921	927	
5	272	167	244	1085	1122	
5	273	635	641	1025	1031	
5	274	333	723	1095	
5	275	411	493	801	883	1107	
5	276	500	890	
5	277	1088	
5	278	677	1067	
5	279	633	1023	
5	280	438	828	
5	281	345	735	
5	282	1128	
5	283	1191	
5	284	1184	
5	285	1123	1168	
5	286	214	291	675	1065	
5	287	495	885	
5	288	122	
5	290	545	935	1075	
5	291	213	290	674	1064	
5	292	412	571	802	961	
5	293	320	710	
5	294	87	103	
5	295	116	1086	
5	296	177	254	
5	299	134	1137	1192	
5	300	201	278	663	678	1053	1068	
5	301	638	644	1028	1034	
5	302	1102	
5	303	14	363	753	1113	
5	304	147	149	150	153	159	173	192	196	197	224	226	227	230	236	250	269	273	274	553	943	
5	305	1134	
5	306	650	1040	
5	307	190	267	
5	308	30	
5	309	127	130	
5	310	552	942	
5	311	365	755	
5	312	185	262	
5	313	191	268	
5	314	60	
5	315	137	
5	316	514	904	1140	
5	317	131	
5	318	1154	
5	319	160	237	307	697	
5	322	180	257	
5	323	451	580	841	970	
5	324	310	700	
5	325	165	242	
5	326	413	613	803	1003	
5	327	581	971	
5	328	13	50	362	752	1087	1096	1183	
5	329	309	699	
5	330	81	97	476	516	866	906	1139	
5	331	597	987	
5	332	584	974	
5	333	1142	
5	334	77	93	569	959	1127	
5	336	1157	
5	337	34	
5	338	200	277	662	1052	
5	339	136	1195	
5	340	36	
5	341	558	562	578	948	952	968	
5	342	183	260	
5	343	188	265	
5	344	10	
5	345	370	760	
5	346	371	761	
5	347	656	1046	
5	348	564	954	
5	349	351	659	741	1049	
5	350	205	282	
5	351	1145	
5	352	45	72	
5	353	1104	
5	354	322	712	
5	355	369	759	
5	356	487	550	626	877	940	1016	
5	357	485	875	
5	358	1193	
5	359	199	202	276	279	
5	360	637	643	1027	1033	
5	361	56	
5	362	1082	
5	364	482	872	
5	365	82	98	
5	366	589	595	603	979	985	993	
5	369	654	1044	
5	371	355	745	
5	372	9	
5	373	186	263	511	901	
5	374	354	744	
5	375	182	259	432	822	
6	1	501	891	1245	
6	2	156	158	164	233	235	241	301	316	691	706	
6	3	210	287	
6	4	1259	
6	5	209	286	660	1050	
6	6	1114	
6	7	669	1059	
6	8	539	554	929	944	1163	
6	9	639	645	1029	1035	
6	10	615	1005	
6	11	154	231	
6	12	366	756	
6	13	1087	
6	14	114	
6	15	621	1011	
6	16	1185	
6	17	26	62	73	89	521	525	526	544	911	915	916	934	1147	1159	
6	18	138	141	143	155	193	212	215	218	220	232	270	289	
6	19	211	288	
6	20	184	261	
6	21	1221	
6	22	392	782	1191	
6	23	390	780	
6	24	304	634	694	1024	
6	25	111	
6	26	458	848	
6	27	7	8	88	
6	28	40	42	67	69	
6	30	4	293	328	337	343	683	718	727	733	1242	
6	31	80	96	374	379	384	400	475	481	515	629	764	769	774	790	865	871	905	1019	1178	1181	1208	
6	32	35	
6	33	502	529	892	919	
6	34	85	101	396	402	429	437	786	792	819	827	1234	
6	35	673	681	1063	1071	
6	36	106	
6	37	1106	1121	
6	38	206	283	
6	39	1235	
6	40	39	44	66	71	113	
6	41	449	455	463	582	839	845	853	972	
6	42	352	742	
6	43	542	551	932	941	1164	
6	44	1244	
6	45	1090	1092	
6	46	22	614	1004	1160	
6	47	32	
6	48	512	532	541	902	922	931	
6	49	573	963	
6	50	497	535	887	925	
6	51	1146	
6	54	417	428	807	818	
6	55	1213	
6	56	2	5	11	16	19	28	37	54	65	84	100	104	107	118	120	295	330	332	340	346	359	368	377	388	394	398	409	415	424	442	447	453	460	472	478	491	506	519	523	548	556	560	568	587	592	600	610	617	623	685	720	722	730	736	749	758	767	778	784	788	799	805	814	832	837	843	850	862	868	881	896	909	913	938	946	950	958	977	982	990	1000	1007	1013	1143	1168	1176	1194	1200	1218	1223	1228	1233	1240	1250	
6	57	484	874	
6	58	1173	
6	59	385	775	
6	60	29	41	59	68	1144	1169	
6	61	456	470	846	860	
6	62	406	422	796	812	1247	
6	63	1079	
6	64	38	
6	65	168	245	
6	66	464	854	
6	67	418	808	1149	
6	68	606	996	
6	69	1239	
6	70	161	238	
6	71	129	666	1056	
6	72	416	425	448	454	461	557	561	593	601	806	815	838	844	851	947	951	983	991	1220	
6	73	20	
6	74	474	864	
6	75	607	997	
6	76	671	1061	
6	77	585	975	
6	78	1093	1095	1133	1137	
6	79	299	430	689	820	
6	80	668	1058	
6	81	1225	
6	82	469	859	
6	83	534	924	
6	84	1	18	27	53	64	294	329	331	339	358	367	376	387	393	397	408	414	441	446	452	459	471	477	490	505	518	522	547	555	559	567	586	591	599	609	684	719	721	729	748	757	766	777	783	787	798	804	831	836	842	849	861	867	880	895	908	912	937	945	949	957	976	981	989	999	1142	1167	1175	1199	
6	85	51	181	258	
6	86	620	1010	
6	87	576	966	
6	88	344	734	
6	89	1196	
6	90	1086	
6	91	488	627	878	1017	
6	92	112	
6	94	334	724	1232	
6	95	632	1022	1161	
6	96	1085	
6	97	195	272	
6	98	1077	
6	99	653	1043	
6	100	15	298	326	338	364	386	440	543	688	716	728	754	776	830	933	
6	101	420	810	1186	
6	102	504	894	
6	103	467	857	
6	104	1072	1098	1124	
6	106	1080	
6	107	1111	
6	108	1078	
6	109	207	284	1258	1264	
6	110	86	102	
6	111	565	955	
6	112	436	826	
6	113	439	829	
6	114	1260	
6	115	1073	1100	1125	
6	116	1096	
6	117	157	163	234	240	
6	118	321	711	
6	119	109	
6	120	433	823	
6	121	348	738	
6	122	1214	
6	123	198	275	
6	124	431	444	821	834	1230	
6	125	1255	
6	126	174	251	1211	1237	
6	127	317	707	
6	128	306	312	349	636	642	667	676	696	702	739	1026	1032	1057	1066	
6	129	661	1051	
6	130	61	
6	131	489	879	
6	132	1102	1117	
6	133	380	401	770	791	1182	
6	134	602	992	
6	135	546	936	1217	
6	136	117	
6	137	383	773	1190	
6	138	305	695	
6	139	466	856	1150	
6	140	1112	
6	141	300	315	528	530	536	690	705	918	920	926	
6	142	135	
6	143	1151	
6	144	46	520	910	
6	145	407	498	797	888	1248	
6	146	1251	
6	148	1131	1135	
6	149	1107	
6	150	1122	
6	151	572	962	
6	152	508	898	1202	
6	153	357	747	
6	154	12	360	395	750	785	1170	1231	
6	155	31	
6	156	1153	
6	157	33	
6	158	43	70	
6	159	171	248	
6	160	445	835	
6	161	391	563	781	953	
6	162	3	6	23	55	121	292	327	342	423	598	682	717	732	813	988	1241	1252	
6	163	297	325	336	483	687	715	726	873	
6	164	76	92	361	403	631	751	793	1021	1171	1195	
6	165	372	381	404	410	473	479	492	496	527	583	611	624	657	762	771	794	800	863	869	882	886	917	973	1001	1014	1047	1187	
6	167	347	588	605	628	737	978	995	1018	
6	168	57	
6	169	52	
6	170	319	323	709	713	1113	1123	
6	171	513	903	
6	172	577	967	
6	173	538	928	
6	174	21	378	405	768	795	1180	1246	
6	175	399	789	
6	176	128	509	899	1203	
6	177	124	1109	
6	178	1129	
6	179	148	225	
6	180	494	503	884	893	
6	181	672	680	1062	1070	
6	182	616	619	1006	1009	
6	183	350	480	658	740	870	1048	
6	185	1108	
6	186	341	731	
6	187	189	266	1249	
6	188	123	
6	189	517	907	
6	190	139	142	144	194	216	219	221	271	
6	191	1075	1127	
6	192	524	914	
6	193	302	308	692	698	
6	194	140	217	
6	195	356	746	
6	196	434	824	
6	197	507	897	1201	
6	198	373	570	763	960	
6	199	649	1039	
6	200	622	1012	
6	201	443	833	1229	
6	202	79	95	
6	203	679	1069	
6	204	75	91	
6	205	647	1037	
6	206	510	566	900	956	1206	
6	207	115	
6	208	1256	
6	209	462	465	852	855	
6	210	450	579	840	969	1184	
6	211	83	99	590	596	604	980	986	994	1222	
6	212	187	264	
6	213	640	646	1030	1036	
6	214	421	811	
6	215	655	1045	
6	216	1091	
6	217	108	
6	218	25	47	1148	1219	
6	219	162	166	170	176	178	239	243	247	253	255	
6	220	651	652	1041	1042	
6	221	78	94	
6	222	499	889	
6	223	175	252	
6	224	335	594	725	984	
6	225	1154	
6	226	49	1226	
6	227	105	296	318	324	353	686	708	714	743	
6	228	1205	
6	229	457	468	847	858	
6	230	311	701	1088	1132	1136	
6	231	1257	
6	232	533	923	
6	233	24	
6	234	1082	1130	
6	235	1074	1101	1103	1105	1118	1120	1126	
6	236	110	
6	237	313	703	
6	238	427	435	817	825	
6	239	145	151	222	228	
6	240	58	
6	241	119	
6	242	426	816	
6	243	146	152	172	179	223	229	249	256	
6	244	648	1038	
6	245	48	
6	246	1216	
6	247	1189	
6	248	126	133	204	208	281	285	665	1055	
6	249	1089	
6	250	419	809	1236	
6	251	169	246	
6	252	608	998	
6	253	1243	
6	254	74	90	
6	255	574	964	
6	257	1162	
6	258	314	704	
6	259	375	630	765	1020	1179	
6	260	382	389	612	625	772	779	1002	1015	1188	
6	261	17	63	
6	262	1141	
6	263	125	132	203	280	664	1054	
6	264	540	930	
6	265	303	693	
6	266	670	1060	
6	267	575	965	
6	268	486	549	618	876	939	1008	
6	269	1116	
6	270	531	537	921	927	
6	272	167	244	1155	1192	
6	273	635	641	1025	1031	
6	274	333	723	1165	
6	275	411	493	801	883	1177	
6	276	500	890	
6	277	1158	
6	278	677	1067	
6	279	633	1023	
6	280	438	828	
6	281	345	735	
6	282	1198	
6	283	1261	
6	284	1254	
6	285	1193	1238	
6	286	214	291	675	1065	
6	287	495	885	
6	288	122	
6	289	1076	1099	1128	
6	290	545	935	1145	
6	291	213	290	674	1064	
6	292	412	571	802	961	
6	293	320	710	
6	294	87	103	
6	295	116	1156	
6	296	177	254	
6	297	1084	
6	299	134	1207	1262	
6	300	201	278	663	678	1053	1068	
6	301	638	644	1028	1034	
6	302	1172	
6	303	14	363	753	1183	
6	304	147	149	150	153	159	173	192	196	197	224	226	227	230	236	250	269	273	274	553	943	
6	305	1204	
6	306	650	1040	
6	307	190	267	
6	308	30	
6	309	127	130	
6	310	552	942	
6	311	365	755	
6	312	185	262	
6	313	191	268	
6	314	60	
6	315	137	
6	316	514	904	1210	
6	317	131	
6	318	1224	
6	319	160	237	307	697	1081	
6	320	1097	
6	321	1094	1134	1138	
6	322	180	257	
6	323	451	580	841	970	
6	324	310	700	
6	325	165	242	
6	326	413	613	803	1003	
6	327	581	971	
6	328	13	50	362	752	1157	1166	1253	
6	329	309	699	
6	330	81	97	476	516	866	906	1209	
6	331	597	987	
6	332	584	974	
6	333	1212	
6	334	77	93	569	959	1197	
6	335	1083	1139	
6	336	1227	
6	337	34	
6	338	200	277	662	1052	
6	339	136	1265	
6	340	36	
6	341	558	562	578	948	952	968	
6	342	183	260	
6	343	188	265	
6	344	10	
6	345	370	760	
6	346	371	761	
6	347	656	1046	
6	348	564	954	
6	349	351	659	741	1049	
6	350	205	282	
6	351	1215	
6	352	45	72	
6	353	1174	
6	354	322	712	
6	355	369	759	
6	356	487	550	626	877	940	1016	
6	357	485	875	
6	358	1263	
6	359	199	202	276	279	
6	360	637	643	1027	1033	
6	361	56	
6	362	1152	
6	363	1140	
6	364	482	872	
6	365	82	98	
6	366	589	595	603	979	985	993	
6	367	1115	
6	368	1104	1119	
6	369	654	1044	
6	370	1110	
6	371	355	745	
6	372	9	
6	373	186	263	511	901	
6	374	354	744	
6	375	182	259	432	822	
7	1	501	891	1296	
7	2	156	158	164	233	235	241	301	316	691	706	
7	3	210	287	
7	4	1310	
7	5	209	286	660	1050	
7	6	1114	1176	
7	7	669	1059	
7	8	539	554	929	944	1214	
7	9	639	645	1029	1035	
7	10	615	1005	
7	11	154	231	
7	12	366	756	
7	13	1087	1157	
7	14	114	
7	15	621	1011	
7	16	1236	
7	17	26	62	73	89	521	525	526	544	911	915	916	934	1198	1210	
7	18	138	141	143	155	193	212	215	218	220	232	270	289	
7	19	211	288	
7	20	184	261	
7	21	1272	
7	22	392	782	1242	
7	23	390	780	
7	24	304	634	694	1024	
7	25	111	
7	26	458	848	
7	27	7	8	88	
7	28	40	42	67	69	
7	29	1147	
7	30	4	293	328	337	343	683	718	727	733	1293	
7	31	80	96	374	379	384	400	475	481	515	629	764	769	774	790	865	871	905	1019	1229	1232	1259	
7	32	35	
7	33	502	529	892	919	
7	34	85	101	396	402	429	437	786	792	819	827	1285	
7	35	673	681	1063	1071	
7	36	106	
7	37	1106	1121	
7	38	206	283	
7	39	1286	
7	40	39	44	66	71	113	
7	41	449	455	463	582	839	845	853	972	
7	42	352	742	
7	43	542	551	932	941	1215	
7	44	1295	
7	45	1090	1092	1145	1160	1162	
7	46	22	614	1004	1211	
7	47	32	
7	48	512	532	541	902	922	931	
7	49	573	963	
7	50	497	535	887	925	
7	51	1197	
7	52	1168	1179	
7	53	1152	
7	54	417	428	807	818	
7	55	1264	
7	56	2	5	11	16	19	28	37	54	65	84	100	104	107	118	120	295	330	332	340	346	359	368	377	388	394	398	409	415	424	442	447	453	460	472	478	491	506	519	523	548	556	560	568	587	592	600	610	617	623	685	720	722	730	736	749	758	767	778	784	788	799	805	814	832	837	843	850	862	868	881	896	909	913	938	946	950	958	977	982	990	1000	1007	1013	1194	1219	1227	1245	1251	1269	1274	1279	1284	1291	1301	
7	57	484	874	
7	58	1224	
7	59	385	775	
7	60	29	41	59	68	1195	1220	
7	61	456	470	846	860	
7	62	406	422	796	812	1298	
7	63	1079	
7	64	38	
7	65	168	245	
7	66	464	854	
7	67	418	808	1200	
7	68	606	996	
7	69	1290	
7	70	161	238	
7	71	129	666	1056	
7	72	416	425	448	454	461	557	561	593	601	806	815	838	844	851	947	951	983	991	1271	
7	73	20	
7	74	474	864	
7	75	607	997	
7	76	671	1061	1192	
7	77	585	975	
7	78	1093	1095	1133	1137	1163	
7	79	299	430	689	820	
7	80	668	1058	
7	81	1276	
7	82	469	859	
7	83	534	924	
7	84	1	18	27	53	64	294	329	331	339	358	367	376	387	393	397	408	414	441	446	452	459	471	477	490	505	518	522	547	555	559	567	586	591	599	609	684	719	721	729	748	757	766	777	783	787	798	804	831	836	842	849	861	867	880	895	908	912	937	945	949	957	976	981	989	999	1193	1218	1226	1250	
7	85	51	181	258	
7	86	620	1010	
7	87	576	966	
7	88	344	734	
7	89	1247	
7	90	1086	1156	
7	91	488	627	878	1017	
7	92	112	
7	93	1191	
7	94	334	724	1283	
7	95	632	1022	1212	
7	96	1085	1155	
7	97	195	272	
7	98	1077	
7	99	653	1043	
7	100	15	298	326	338	364	386	440	543	688	716	728	754	776	830	933	
7	101	420	810	1237	
7	102	504	894	
7	103	467	857	
7	104	1072	1098	1124	1142	1166	1172	1181	
7	105	1149	
7	106	1080	1148	
7	107	1111	1173	
7	108	1078	
7	109	207	284	1309	1315	
7	110	86	102	
7	111	565	955	
7	112	436	826	
7	113	439	829	
7	114	1311	
7	115	1073	1100	1125	
7	116	1096	
7	117	157	163	234	240	
7	118	321	711	
7	119	109	
7	120	433	823	
7	121	348	738	
7	122	1265	
7	123	198	275	
7	124	431	444	821	834	1281	
7	125	1306	
7	126	174	251	1262	1288	
7	127	317	707	
7	128	306	312	349	636	642	667	676	696	702	739	1026	1032	1057	1066	
7	129	661	1051	
7	130	61	
7	131	489	879	
7	132	1102	1117	
7	133	380	401	770	791	1233	
7	134	602	992	
7	135	546	936	1268	
7	136	117	
7	137	383	773	1241	
7	138	305	695	
7	139	466	856	1201	
7	140	1112	1174	
7	141	300	315	528	530	536	690	705	918	920	926	
7	142	135	
7	143	1202	
7	144	46	520	910	
7	145	407	498	797	888	1299	
7	146	1302	
7	147	1170	
7	148	1131	1135	
7	149	1107	
7	150	1122	
7	151	572	962	
7	152	508	898	1253	
7	153	357	747	
7	154	12	360	395	750	785	1221	1282	
7	155	31	
7	156	1204	
7	157	33	
7	158	43	70	
7	159	171	248	
7	160	445	835	
7	161	391	563	781	953	
7	162	3	6	23	55	121	292	327	342	423	598	682	717	732	813	988	1292	1303	
7	163	297	325	336	483	687	715	726	873	
7	164	76	92	361	403	631	751	793	1021	1222	1246	
7	165	372	381	404	410	473	479	492	496	527	583	611	624	657	762	771	794	800	863	869	882	886	917	973	1001	1014	1047	1238	
7	166	1190	
7	167	347	588	605	628	737	978	995	1018	
7	168	57	
7	169	52	
7	170	319	323	709	713	1113	1123	1175	1180	
7	171	513	903	
7	172	577	967	
7	173	538	928	
7	174	21	378	405	768	795	1231	1297	
7	175	399	789	
7	176	128	509	899	1254	
7	177	124	1109	1171	1189	
7	178	1129	
7	179	148	225	
7	180	494	503	884	893	
7	181	672	680	1062	1070	
7	182	616	619	1006	1009	
7	183	350	480	658	740	870	1048	
7	184	1146	
7	185	1108	
7	186	341	731	
7	187	189	266	1300	
7	188	123	
7	189	517	907	
7	190	139	142	144	194	216	219	221	271	
7	191	1075	1127	
7	192	524	914	
7	193	302	308	692	698	
7	194	140	217	
7	195	356	746	
7	196	434	824	
7	197	507	897	1252	
7	198	373	570	763	960	
7	199	649	1039	
7	200	622	1012	
7	201	443	833	1280	
7	202	79	95	
7	203	679	1069	
7	204	75	91	
7	205	647	1037	
7	206	510	566	900	956	1257	
7	207	115	
7	208	1307	
7	209	462	465	852	855	
7	210	450	579	840	969	1235	
7	211	83	99	590	596	604	980	986	994	1273	
7	212	187	264	
7	213	640	646	1030	1036	
7	214	421	811	
7	215	655	1045	
7	216	1091	1161	
7	217	108	
7	218	25	47	1199	1270	
7	219	162	166	170	176	178	239	243	247	253	255	
7	220	651	652	1041	1042	
7	221	78	94	
7	222	499	889	
7	223	175	252	
7	224	335	594	725	984	1186	
7	225	1205	
7	226	49	1277	
7	227	105	296	318	324	353	686	708	714	743	
7	228	1256	
7	229	457	468	847	858	
7	230	311	701	1088	1132	1136	1158	
7	231	1308	
7	232	533	923	
7	233	24	
7	234	1082	1130	1151	
7	235	1074	1101	1103	1105	1118	1120	1126	
7	236	110	
7	237	313	703	
7	238	427	435	817	825	
7	239	145	151	222	228	
7	240	58	
7	241	119	
7	242	426	816	
7	243	146	152	172	179	223	229	249	256	
7	244	648	1038	
7	245	48	
7	246	1267	
7	247	1240	
7	248	126	133	204	208	281	285	665	1055	
7	249	1089	1144	1159	
7	250	419	809	1287	
7	251	169	246	
7	252	608	998	
7	253	1294	
7	254	74	90	
7	255	574	964	
7	256	1187	
7	257	1213	
7	258	314	704	
7	259	375	630	765	1020	1230	
7	260	382	389	612	625	772	779	1002	1015	1239	
7	261	17	63	
7	262	1141	1184	
7	263	125	132	203	280	664	1054	
7	264	540	930	
7	265	303	693	
7	266	670	1060	
7	267	575	965	
7	268	486	549	618	876	939	1008	
7	269	1116	1178	
7	270	531	537	921	927	
7	271	1185	
7	272	167	244	1206	1243	
7	273	635	641	1025	1031	
7	274	333	723	1216	
7	275	411	493	801	883	1228	
7	276	500	890	
7	277	1209	
7	278	677	1067	
7	279	633	1023	
7	280	438	828	
7	281	345	735	
7	282	1249	
7	283	1312	
7	284	1305	
7	285	1244	1289	
7	286	214	291	675	1065	
7	287	495	885	
7	288	122	
7	289	1076	1099	1128	1167	1183	
7	290	545	935	1196	
7	291	213	290	674	1064	
7	292	412	571	802	961	
7	293	320	710	
7	294	87	103	
7	295	116	1207	
7	296	177	254	
7	297	1084	1154	
7	298	1143	1169	1182	
7	299	134	1258	1313	
7	300	201	278	663	678	1053	1068	
7	301	638	644	1028	1034	
7	302	1223	
7	303	14	363	753	1234	
7	304	147	149	150	153	159	173	192	196	197	224	226	227	230	236	250	269	273	274	553	943	
7	305	1255	
7	306	650	1040	
7	307	190	267	
7	308	30	
7	309	127	130	
7	310	552	942	
7	311	365	755	
7	312	185	262	
7	313	191	268	
7	314	60	
7	315	137	
7	316	514	904	1261	
7	317	131	
7	318	1275	
7	319	160	237	307	697	1081	1150	
7	320	1097	1165	
7	321	1094	1134	1138	1164	
7	322	180	257	
7	323	451	580	841	970	
7	324	310	700	
7	325	165	242	
7	326	413	613	803	1003	
7	327	581	971	
7	328	13	50	362	752	1208	1217	1304	
7	329	309	699	
7	330	81	97	476	516	866	906	1260	
7	331	597	987	
7	332	584	974	
7	333	1263	
7	334	77	93	569	959	1248	
7	335	1083	1139	1153	
7	336	1278	
7	337	34	
7	338	200	277	662	1052	
7	339	136	1316	
7	340	36	
7	341	558	562	578	948	952	968	
7	342	183	260	
7	343	188	265	
7	344	10	
7	345	370	760	
7	346	371	761	
7	347	656	1046	
7	348	564	954	
7	349	351	659	741	1049	
7	350	205	282	
7	351	1266	
7	352	45	72	
7	353	1225	
7	354	322	712	
7	355	369	759	
7	356	487	550	626	877	940	1016	
7	357	485	875	
7	358	1314	
7	359	199	202	276	279	
7	360	637	643	1027	1033	
7	361	56	
7	362	1203	
7	363	1140	
7	364	482	872	
7	365	82	98	
7	366	589	595	603	979	985	993	
7	367	1115	1177	1188	
7	368	1104	1119	
7	369	654	1044	
7	370	1110	
7	371	355	745	
7	372	9	
7	373	186	263	511	901	
7	374	354	744	
7	375	182	259	432	822	
